43082374138863
46449584708757
73412340804748
73138659679530
70682065853780
73463392020628
73403128895642
73080490122554
73471926497433
73448592787551
73472204719256
73472592584856
73472664823915
73407523103902
73473151725720
73473646298258
73473673362527
73414563485788
73473821016221
73473813094507
73473932591169
70592888850764
73474718742663
73475052026006
73475065559182
73475084567674
73413639508047
36689620031549
73474913688657
73475272327243
73475281557615
73400509556841
73424998828150
73408779326562
73475403453597
73475503907941
73475513788494
73475269105803
73475927436397
73476012862532
68092084960457
73476552662088
73476633733276
73476724554907
73476875389079
45727933025774
73477185556614
73477380401256
73477587663976
73111404791097
73477879873637
73140969006181
73478301119593
73412954051722
73252962783309
73478583240818
36248578675581
73478839044250
73251222177867
73479032904843
73478714381441
73479253375094
73479606696033
73473547897937
73480022515838
73479849862261
73481389378704
73377908400224
73481634664606
72891126337837
73481683426435
50872593048954
73480571881606
50920522217842
73482583970917
73482566253641
73482905534567
73483085310057
73483317889144
73483353891989
73228695498892
73385969826905
73483534161009
73483637913714
56982738108616
73483711299660
73405284271250
73483999867030
73484071624825
73484491262079
73300969910381
73484629408850
73484668922973
73484882148418
73482414163044
73485030050955
73485216293984
56972805573886
73485535654010
73485952277634
73407977742494
73486292164704
73253547754608
73486336487547
73486414187662
73486572554328
73486720724077
73486483619967
73423640851556
73486904348744
73486913669276
73399530537096
73398316798109
73487951322256
73488139974773
73488636648569
73247723626608
73488823719045
73489178143890
73489304264793
73489959173253
73296857299048
73394396834958
73474282872987
73029208595800
73397812818053
73252720717891
70381565343886
42730174106658
73491064243273
73398777603200
73491737783395
73228130720880
73257082298476
73492220918896
73481690478683
73492713960589
20351983604421
73165221218394
61303952209364
73250392765544
73493059084370
73492110237846
73319741862996
73493384076407
73039186784574
73492232648792
73419227188304
73493591574638
73493716465774
73251059071103
49766879053999
73252805384349
73493958061177
73494343980125
55742397547797
73253220455517
73496260473990
73496535873648
73496697975903
73477714890861
73411672211552
38477915887720
73507299305573
73388454232205
73507669348483
73499373131885
34487711599430
73507889273958
73394380277902
73508124180574
69181933503491
73493072634958
73508336783474
73508524652644
73508768592016
73300755800209
73432068998222
73431092759682
73509498572946
66498851274892
73509804998746
73509458207892
73244331937948
73230818025601
73389353858119
70546206443768
